BirdHab_model/source/maps_michaS/hru_fullpatchID_map.asc
NCOLS 883
NROWS 545
XLLCORNER 4546337.8727
YLLCORNER 5688153.5654
CELLSIZE 25
NODATA_VALUE  -9999
[rows 259 to 295 of 545, columns 588 to 671 of 883]
555 555 555 555 555 555 555 407 440 440 440 440 440 440 440 440 407 560 440 440 407 407 560 560 560 560 1243 1243 1243 1243 1243 1243 1243 1243 1243 1243 1243 1243 1243 1243 1243 422 422 422 422 422 422 422 425 425 425 425 425 425 425 536 561 549 549 549 549 549 549 549 546 546 546 546 546 546 546 432 432 432 432 432 432 432 432 432 432 432 1213 1213
555 555 555 552 552 555 552 557 557 557 562 407 407 560 560 560 560 407 407 440 407 407 560 560 560 560 560 560 535 535 1243 1243 1243 1243 1243 1243 1243 1243 1243 1243 1243 422 422 422 422 422 422 422 422 425 425 425 425 425 425 563 561 561 561 549 549 549 549 549 546 546 546 546 546 546 546 432 432 432 432 432 432 432 432 432 432 432 1213 1213
555 555 555 552 555 555 555 557 557 562 562 562 562 562 562 562 562 562 407 440 407 407 407 407 407 407 407 560 560 560 535 535 1243 1243 1243 1243 1243 1243 1243 1243 1243 422 422 422 422 422 422 422 422 425 425 425 425 430 430 563 563 563 561 561 549 549 549 549 549 546 546 546 546 546 546 432 432 432 432 432 432 432 432 432 432 432 1213 1213
489 555 555 555 555 555 555 557 562 562 562 562 562 562 562 562 562 565 565 407 407 407 407 407 407 407 407 407 407 407 560 560 535 1243 1243 1243 1243 1243 1243 1243 1243 422 422 422 422 489 489 489 421 566 567 430 430 430 563 563 563 563 563 563 563 549 549 549 549 549 549 546 546 546 546 432 432 432 432 432 432 432 432 432 432 432 432 1213
489 555 555 555 555 555 555 557 562 562 562 562 557 557 562 565 565 565 565 565 565 407 407 407 407 407 407 407 407 407 407 407 560 535 535 535 535 535 535 535 535 535 422 422 422 489 489 568 566 569 569 563 430 430 563 563 563 563 563 563 563 563 563 549 549 549 549 549 549 546 546 432 432 432 432 432 432 432 432 432 432 432 432 1213
422 489 489 555 555 555 555 557 562 562 557 557 557 565 565 565 565 565 565 565 565 407 407 407 407 407 407 407 407 407 407 407 407 407 560 535 535 535 535 535 535 535 570 570 570 468 568 568 569 569 569 563 563 563 563 563 563 563 563 563 563 563 563 563 567 549 549 549 549 549 432 432 432 432 432 432 432 432 432 432 432 432 432 1213
422 489 489 489 489 568 573 557 557 557 557 557 557 565 565 565 565 565 565 565 565 565 407 407 407 407 407 407 407 407 407 407 407 407 407 407 535 540 535 535 535 535 570 570 478 440 440 440 440 569 569 569 563 563 563 563 563 563 563 563 563 563 563 563 563 567 567 549 549 484 484 432 432 432 432 432 432 432 432 432 432 432 1213 1213
422 422 489 489 489 489 422 422 422 422 565 557 557 557 565 565 565 565 565 565 565 565 407 407 407 407 407 407 407 407 407 407 407 407 407 407 407 407 535 535 535 416 570 478 440 440 440 440 440 440 440 440 569 563 563 563 563 563 563 563 563 563 563 563 563 541 301 301 484 484 484 484 484 432 432 432 432 432 432 432 432 432 1213 1213
422 422 422 422 422 422 422 422 416 422 422 422 422 577 557 557 565 565 565 565 565 565 407 407 407 407 407 407 407 407 407 407 407 407 407 407 407 407 407 540 540 416 478 478 440 440 440 440 440 440 440 440 440 489 430 430 563 563 563 563 563 563 563 563 541 541 541 541 301 301 484 484 484 484 432 432 432 432 432 1213 1213 1213 1213 1213
422 422 422 422 422 422 422 422 422 422 422 422 422 422 577 577 577 557 565 565 565 565 407 407 407 407 407 407 407 407 407 407 407 407 407 407 407 407 407 407 540 493 493 440 440 440 440 440 440 440 440 440 489 489 489 430 430 430 563 563 563 563 563 563 541 541 541 541 541 301 301 484 484 484 484 432 432 432 432 1213 1213 1213 1213 1213
422 422 422 422 422 422 422 422 422 422 422 422 422 422 577 577 577 577 577 577 577 557 407 407 407 407 407 407 407 407 407 407 407 407 407 407 407 407 407 407 407 493 493 440 440 440 440 440 440 467 440 422 422 422 422 422 425 425 425 425 563 563 563 563 563 541 541 541 541 541 541 301 484 484 484 484 432 432 1213 1213 1213 1213 1213 1213
422 422 422 422 422 422 422 422 422 422 422 422 422 422 577 577 577 577 577 577 577 577 577 577 417 417 407 407 407 407 407 407 407 407 407 407 407 407 407 407 407 407 493 440 440 440 440 440 467 467 467 422 422 422 422 422 422 425 425 425 425 425 563 563 563 563 541 541 541 541 541 541 541 301 484 484 484 1213 1213 1213 1213 1213 1213 1213
422 422 422 422 422 422 422 422 422 422 422 422 422 422 577 577 577 577 577 577 577 577 577 577 577 417 417 407 407 407 407 407 407 407 407 407 407 407 407 407 407 407 440 440 440 440 440 440 440 467 467 467 422 422 422 422 422 425 425 425 425 425 425 563 563 563 563 541 541 541 541 541 541 541 541 586 586 1213 1213 1213 1213 1213 1213 1213
422 422 422 422 422 422 422 422 422 422 422 422 422 422 577 577 577 577 577 577 577 577 577 577 577 577 577 407 407 407 407 407 493 493 407 407 407 407 407 407 407 407 493 440 440 440 440 440 440 439 467 467 467 422 422 422 422 422 425 425 425 425 425 425 563 563 563 563 563 563 541 541 541 541 541 541 541 1213 1213 1213 1213 1213 1213 1213
422 422 422 422 422 422 422 422 422 422 422 422 422 457 577 577 577 577 577 577 577 577 577 577 1219 1219 466 466 466 407 407 440 493 493 493 493 407 407 407 407 407 407 493 440 440 440 440 440 440 439 439 440 467 467 422 422 422 422 422 425 425 425 425 425 425 563 563 563 563 563 563 541 541 541 541 541 541 541 541 1213 1213 1213 1213 1213
422 422 422 422 422 422 422 422 422 422 422 422 457 457 577 577 577 577 577 577 577 577 1219 1219 1219 1219 466 466 466 466 440 440 440 440 440 440 493 407 407 407 407 407 407 407 440 440 440 440 440 439 440 440 440 439 467 422 422 422 422 425 425 425 425 425 425 425 563 563 563 563 563 563 541 541 541 541 541 541 541 541 589 589 1213 1213
422 422 422 422 422 422 422 422 422 422 457 457 457 457 577 577 577 577 577 577 1219 1219 1219 1219 1219 1219 1219 466 466 466 440 440 440 440 440 440 440 440 493 407 407 407 407 440 406 406 440 440 440 440 440 440 440 439 439 467 422 422 422 422 425 425 425 425 425 425 563 563 563 563 563 590 590 590 591 591 541 541 541 541 541 541 589 589
422 422 422 422 422 422 422 422 457 457 457 457 457 457 577 577 577 577 577 1219 1219 1219 1219 1219 1219 1219 1219 1219 466 466 493 440 440 440 440 440 440 493 493 493 493 493 407 406 406 406 406 440 440 440 440 440 440 517 566 566 422 422 422 422 422 425 425 425 425 425 425 563 563 563 563 563 590 590 590 591 591 541 541 541 541 541 541 589
422 457 457 457 457 457 457 457 457 457 457 457 457 457 577 577 577 577 1219 1219 1219 1219 1219 1219 1219 1219 1219 1219 1219 466 440 440 440 440 440 440 440 493 493 493 493 493 406 406 406 406 406 406 440 440 440 440 566 566 566 566 566 566 422 489 489 422 425 425 425 425 425 563 563 563 563 563 590 590 590 590 591 591 591 541 541 541 541 542
457 457 457 457 457 457 457 457 457 457 457 457 457 457 577 577 577 1219 1219 1219 1219 1219 1219 1219 1219 1219 1219 1219 1219 1219 440 440 440 440 440 440 440 493 493 406 493 517 406 406 406 406 406 406 406 440 440 440 594 594 566 566 566 566 566 422 489 489 422 425 425 425 425 425 563 563 563 563 590 590 590 590 590 590 591 591 541 541 542 542
457 457 457 457 457 457 457 457 457 457 457 457 457 577 577 577 577 1219 1219 1219 1219 1219 1219 1219 1219 1219 1219 1219 1219 1219 1219 440 440 440 440 440 493 440 493 406 517 406 406 406 406 406 406 406 406 406 440 594 594 594 594 594 566 566 566 566 489 489 489 422 425 425 425 430 563 563 563 563 563 590 590 590 590 590 590 590 591 542 542 542
457 457 457 457 457 457 457 457 457 457 457 457 457 577 577 577 1219 1219 1219 1219 1219 1219 1219 1219 1219 1219 1219 1219 1219 1219 472 472 468 440 440 493 493 493 493 440 440 440 440 440 406 406 406 406 406 406 406 406 594 594 594 594 594 566 566 566 566 489 489 489 425 425 425 425 425 563 563 563 563 563 590 590 590 590 590 590 590 596 542 542
457 457 457 457 457 457 457 457 457 457 457 457 577 577 577 1219 1219 1219 1219 1219 1219 1219 1219 1219 1219 1219 1219 1219 1219 1219 472 472 468 468 440 493 493 493 440 440 440 440 440 440 440 406 406 406 406 406 406 406 406 406 406 594 594 594 566 566 440 489 489 489 422 425 425 425 430 563 563 563 563 563 563 590 590 590 590 590 590 596 596 542
457 457 457 457 457 457 457 457 457 457 457 457 577 577 577 1219 1219 1219 1219 1219 1219 1219 1219 1219 1219 1219 1219 1219 1219 1219 1219 472 472 468 493 493 493 493 440 440 440 440 440 440 440 594 406 406 406 406 406 406 406 406 406 406 594 594 594 566 440 440 489 489 489 425 425 425 425 425 563 563 563 563 563 563 590 590 590 590 596 596 596 596
457 457 457 457 457 457 457 457 457 457 457 577 577 577 1219 1219 1219 1219 1219 1219 1219 1219 1219 1219 1219 1219 1219 1219 1219 1219 1219 472 472 468 493 493 493 440 440 440 440 440 440 440 440 407 594 406 406 406 406 406 406 406 406 406 406 594 594 594 566 440 440 489 489 425 425 425 425 425 425 563 563 563 563 563 563 590 590 596 596 596 596 596
457 457 457 457 457 457 457 457 457 457 457 577 577 577 1219 1219 1219 1219 1219 1219 1219 1219 1219 1219 1219 1219 1219 1219 1219 1219 1219 472 472 472 468 468 493 493 440 440 440 440 440 440 407 407 407 594 406 406 406 406 406 406 406 406 406 406 594 594 594 440 440 495 489 430 425 425 425 425 425 563 563 563 563 563 563 563 590 596 596 596 596 596
457 457 457 457 457 457 457 457 457 457 577 577 577 577 1219 1219 1219 1219 1219 1219 1219 1219 1219 1219 1219 1219 1219 1219 1219 1219 472 472 472 472 467 468 468 493 440 440 440 440 440 440 440 407 407 594 594 594 594 594 406 406 406 406 406 406 406 594 594 566 566 566 495 489 425 425 425 425 425 425 563 563 563 563 563 563 563 596 596 596 596 596
457 457 457 457 457 457 457 457 457 577 577 577 577 577 1219 1219 1219 1219 1219 1219 1219 1219 1219 1219 1219 1219 1219 1219 1219 472 472 472 472 1219 472 468 468 440 440 440 440 440 440 466 466 466 407 407 594 594 594 594 594 406 406 406 406 406 406 406 594 594 566 566 495 495 425 425 425 425 425 425 425 563 563 563 563 563 563 542 596 596 596 596
457 457 457 457 457 457 457 457 577 577 577 577 577 577 1219 1219 1219 1219 1219 1219 1219 1219 1219 1219 1219 1219 1219 1219 1219 472 1219 1219 1219 1219 472 468 440 440 440 440 440 440 466 466 466 466 466 407 440 594 594 594 594 594 594 594 406 406 406 406 594 594 594 566 566 495 602 425 425 425 425 425 425 563 563 563 563 563 563 542 542 542 596 596
457 457 457 457 457 457 457 577 577 577 577 577 577 577 1219 1219 1219 1219 1219 1219 1219 1219 1219 1219 1219 1219 1219 1219 1219 472 1219 1219 1219 1219 472 440 440 440 440 440 440 440 466 466 466 466 440 440 440 440 440 594 594 594 594 594 594 594 406 406 594 594 594 594 566 495 602 602 425 425 425 425 425 425 563 563 563 563 563 542 542 542 542 542
457 457 457 457 457 457 577 577 577 577 577 577 577 577 1219 1219 1219 1219 1219 1219 1219 1219 1219 1219 1219 1219 1219 1219 1219 1219 1219 1219 1219 1219 1219 472 440 440 440 440 440 466 466 466 466 466 440 440 440 440 440 440 594 406 406 594 594 594 594 406 594 594 594 594 594 495 568 602 425 425 425 425 425 425 425 563 563 563 563 542 542 542 542 542
457 457 457 457 457 577 577 577 577 577 577 577 577 577 1219 1219 1219 1219 1219 1219 1219 1219 1219 1219 1219 1219 1219 1219 1219 1219 1219 1219 1219 1219 1219 1219 1219 1219 440 440 1219 466 466 466 466 466 466 440 440 440 440 440 594 406 406 594 594 594 594 594 594 594 594 594 594 603 568 604 425 425 425 425 425 425 425 425 563 563 563 563 542 542 542 542
457 457 457 577 577 577 577 577 577 577 577 577 577 577 577 1219 1219 1219 1219 1219 1219 1219 1219 1219 1219 1219 1219 1219 1219 1219 1219 1219 1219 1219 1219 1219 1219 1219 1219 440 1219 1219 466 466 466 440 440 440 440 440 440 466 466 407 407 594 594 594 594 594 594 594 594 594 407 407 603 604 425 425 425 425 425 425 425 425 563 563 563 563 542 542 542 542
577 577 577 577 577 577 577 577 577 577 577 577 577 577 577 1219 1219 1219 1219 1219 1219 1219 1219 1219 1219 1219 1219 1219 1219 1219 1219 1219 1219 1219 1219 1219 1219 1219 1219 1219 1219 1219 1219 1219 440 440 440 440 607 607 466 466 466 540 540 594 594 594 594 594 594 407 407 407 407 407 407 608 425 425 604 604 425 425 425 425 567 563 563 563 542 542 542 542
577 577 577 577 577 577 577 577 577 577 577 577 577 577 577 577 1219 1219 1219 1219 1219 1219 1219 1219 1219 1219 1219 1219 1219 1219 1219 1219 1219 1219 1219 1219 1219 1219 1219 1219 1219 1219 1219 1219 1219 440 440 472 607 607 607 466 466 540 540 546 546 549 549 594 594 594 594 407 407 407 407 407 608 425 604 604 604 425 425 425 425 567 563 563 542 542 542 542
577 577 577 577 577 612 613 613 613 613 613 613 577 577 577 577 1219 1219 1219 1219 1219 1219 1219 1219 1219 1219 1219 1219 1219 1219 1219 1219 1219 1219 1219 1219 1219 1219 1219 1219 1219 1219 1219 1219 1219 1219 1219 472 472 472 607 607 466 540 540 546 546 546 549 549 549 594 594 407 407 407 407 407 407 608 604 604 604 604 425 425 425 425 425 563 542 542 542 542
577 577 577 614 614 615 615 615 615 615 615 616 613 613 577 577 577 1219 1219 1219 1219 1219 1219 1219 1219 1219 1219 1219 1219 1219 1219 1219 1219 1219 1219 1219 1219 1219 1219 1219 1219 1219 1219 1219 1219 1219 1219 1219 472 472 440 440 440 540 540 546 546 546 546 549 549 549 594 594 407 407 407 407 407 407 608 604 604 604 604 425 425 425 425 425 1224 498 542 542
