BirdHab_model/source/maps_michaS/hru_fullpatchID_map.asc
NCOLS 883
NROWS 545
XLLCORNER 4546337.8727
YLLCORNER 5688153.5654
CELLSIZE 25
NODATA_VALUE  -9999
[rows 296 to 332 of 545, columns 588 to 671 of 883]
457 614 614 615 615 615 615 615 615 615 615 615 615 613 613 577 577 577 1219 1219 1219 1219 1219 1219 1219 1219 1219 1219 1219 1219 1219 1219 1219 1219 1219 1219 1219 1219 1219 1219 1219 1219 1219 1219 1219 1219 1219 1219 472 440 440 440 440 440 540 540 546 546 546 549 549 549 549 549 407 407 407 407 407 407 407 407 604 604 604 604 425 425 425 425 1224 1224 1224 1224
614 615 615 457 457 615 615 615 615 615 615 457 466 615 613 613 577 577 1219 1219 1219 1219 1219 1219 1219 1219 1219 1219 1219 1219 1219 1219 1219 1219 1219 1219 1219 1219 1219 1219 1219 1219 1219 1219 1219 1219 1219 1219 440 440 440 440 440 431 431 540 540 546 546 546 549 549 549 549 539 407 407 407 407 407 407 407 407 425 604 604 604 425 425 1224 1224 1224 1224 1224
615 615 457 457 457 457 615 615 615 615 615 457 457 466 615 616 613 577 577 1219 1219 1219 1219 1219 1219 1219 1219 1219 1219 1219 1219 1219 1219 1219 1219 1219 1219 1219 1219 1219 1219 1219 1219 1219 1219 1219 1219 1219 1219 1219 440 440 431 431 431 431 546 546 546 546 549 549 549 549 539 539 407 407 407 407 407 407 407 407 407 407 604 604 425 1224 1224 1224 1224 1224
615 457 457 457 457 457 457 615 615 615 615 457 457 466 466 616 616 613 577 1219 1219 1219 1219 1219 1219 1219 1219 1219 1219 1219 1219 1219 1219 1219 1219 1219 1219 1219 1219 1219 1219 1219 1219 1219 1219 1219 1219 1219 1219 1219 472 440 431 431 431 540 540 546 546 546 549 549 549 539 539 539 539 539 407 407 407 407 407 407 407 407 407 407 407 601 601 1224 1224 1224
457 457 457 457 457 457 457 615 615 615 615 457 457 466 466 466 616 616 613 577 1219 1219 1219 1219 1219 1219 1219 1219 1219 1219 1219 1219 1219 1219 1219 1219 1219 1219 1219 1219 1219 1219 1219 1219 1219 1219 1219 1219 1219 1219 472 472 431 431 540 540 540 540 540 549 549 549 549 631 539 539 539 539 539 539 539 407 407 407 407 407 407 407 407 605 605 605 632 601
457 457 457 457 457 457 457 457 615 615 457 457 457 457 466 466 613 616 616 613 1219 1219 1219 1219 1219 1219 1219 1219 1219 1219 1219 1219 1219 1219 1219 1219 1219 1219 1219 1219 1219 1219 1219 1219 1219 1219 1219 1219 1219 1219 472 472 431 540 540 540 540 540 540 549 549 549 536 536 631 631 539 539 539 539 539 539 539 539 407 407 407 407 407 605 605 605 605 605
457 457 457 457 457 457 457 457 457 615 457 457 457 457 614 614 613 613 613 616 577 1219 1219 1219 1219 1219 1219 1219 1219 1219 1219 1219 1219 1219 1219 1219 1219 1219 1219 1219 1219 1219 1219 1219 1219 1219 1219 1219 1219 472 472 472 431 540 540 540 540 540 540 549 539 539 536 536 536 536 536 536 539 539 539 539 539 539 539 539 407 407 605 638 605 605 605 605
457 457 457 457 457 457 457 457 457 457 457 457 457 457 614 614 466 613 613 577 577 1219 1219 1219 1219 1219 1219 1219 1219 1219 1219 1219 1219 1219 1219 1219 1219 1219 1219 1219 1219 1219 1219 1219 1219 1219 1219 1219 1219 472 472 431 540 540 540 540 540 540 540 549 539 539 539 539 536 536 536 536 536 536 639 539 539 539 539 539 539 407 638 638 638 605 605 605
457 457 457 457 457 457 457 457 457 457 457 457 457 457 457 614 612 613 613 577 577 1219 1219 1219 1219 1219 1219 1219 1219 1219 1219 1219 1219 1219 1219 1219 1219 1219 1219 1219 1219 1219 1219 1219 1219 1219 1219 1219 1219 1219 472 546 540 540 540 540 540 540 540 549 539 539 539 536 536 536 536 536 536 536 639 639 639 539 539 539 539 539 638 638 638 638 605 605
457 457 457 457 457 457 457 457 457 457 457 457 457 457 457 614 612 612 577 577 577 1219 1219 1219 1219 1219 1219 1219 1219 1219 1219 1219 1219 1219 1219 1219 1219 1219 1219 1219 1219 1219 1219 1219 1219 1219 1219 1219 1219 472 546 546 546 546 540 540 540 540 540 539 539 539 539 536 536 536 536 536 536 536 639 536 642 642 642 539 539 643 638 638 638 638 605 605
457 457 457 457 457 457 457 457 457 457 457 457 457 457 457 457 612 612 577 577 577 1219 1219 1219 1219 1219 1219 1219 1219 1219 1219 1219 1219 1219 1219 1219 1219 1219 1219 1219 1219 1219 1219 1219 1219 1219 1219 1219 1219 546 546 546 546 546 546 540 540 540 540 539 539 539 539 536 536 536 536 536 536 536 639 639 639 642 642 642 644 643 638 645 638 638 605 605
457 457 457 457 457 457 457 457 457 457 457 457 457 457 457 457 612 577 577 577 1219 1219 1219 1219 1219 1219 1219 1219 1219 1219 1219 1219 1219 1219 1219 1219 1219 1219 1219 1219 1219 1219 1219 1219 1219 1219 1219 615 546 546 546 546 546 546 546 546 546 540 540 549 539 539 536 536 536 536 536 536 536 536 536 536 639 639 642 644 645 645 645 645 638 638 605 605
457 457 457 457 457 457 457 457 457 457 457 457 457 457 457 577 577 577 577 577 1219 1219 1219 1219 1219 1219 1219 1219 1219 1219 1219 1219 1219 1219 1219 1219 1219 1219 1219 1219 1219 1219 1219 1219 1219 615 615 546 546 546 546 546 546 546 546 546 546 546 540 539 539 539 536 536 536 536 536 536 536 536 536 536 639 639 648 644 645 645 645 645 638 638 638 605
457 457 457 457 457 457 457 457 457 457 457 457 457 457 457 577 577 577 577 1219 1219 1219 1219 1219 1219 1219 1219 1219 1219 1219 1219 1219 1219 1219 1219 1219 1219 1219 1219 1219 1219 1219 1219 1219 615 546 546 546 546 546 546 546 546 546 546 546 546 546 546 549 539 539 536 536 536 536 536 536 536 536 536 536 536 648 648 644 649 645 645 645 638 638 638 638
457 457 457 457 457 457 457 457 457 457 457 457 457 457 577 577 577 577 1219 1219 1219 1219 1219 1219 1219 1219 1219 1219 1219 1219 1219 1219 1219 1219 1219 1219 1219 1219 1219 1219 1219 1219 1219 482 546 546 546 546 546 546 546 546 546 546 546 546 546 546 546 549 549 536 536 536 536 536 536 536 536 536 536 536 650 648 648 644 649 651 651 645 638 638 638 652
457 457 457 457 457 457 457 457 457 457 457 457 457 577 577 577 577 577 1219 1219 1219 1219 1219 1219 1219 1219 1219 1219 1219 1219 1219 1219 1219 1219 1219 1219 1219 1219 1219 1219 1219 482 482 546 546 546 546 546 546 546 546 546 546 546 546 546 546 546 546 546 549 536 536 536 536 536 536 536 536 650 650 650 650 648 648 644 649 658 658 658 658 651 638 652
457 457 457 457 457 457 457 457 457 457 457 457 577 577 577 577 577 1219 1219 1219 1219 1219 1219 1219 1219 1219 1219 1219 1219 1219 1219 1219 1219 1219 1219 1219 1219 1219 482 482 482 482 546 546 546 546 546 546 546 546 546 546 546 546 546 546 546 546 546 546 549 536 536 536 536 536 536 536 536 650 650 650 650 650 648 649 649 658 658 658 658 658 658 661
457 457 457 457 457 457 457 457 457 457 457 457 577 577 577 577 1219 1219 1219 1219 1219 1219 1219 1219 1219 1219 1219 1219 1219 1219 1219 1219 1219 1219 1219 1219 482 482 482 482 482 546 546 546 546 546 546 546 546 546 546 546 546 546 546 546 546 546 546 546 482 536 536 536 536 536 536 536 536 650 650 650 650 650 648 649 658 658 658 658 658 658 658 661
457 457 457 457 457 457 457 457 457 457 457 577 577 577 577 1219 1219 1219 1219 1219 1219 1219 1219 1219 1219 1219 1219 1219 1219 1219 1219 1219 1219 482 482 482 482 482 482 482 482 546 546 546 546 546 546 546 546 546 546 546 546 546 546 546 546 546 546 546 482 536 536 536 536 536 536 536 650 650 650 650 650 650 648 649 658 658 658 658 658 658 661 661
457 457 457 457 457 457 457 457 457 457 577 577 577 577 1219 1219 1219 1219 1219 1219 1219 1219 1219 1219 1219 1219 1219 1219 1219 482 482 482 482 482 482 482 482 482 482 482 546 546 546 546 546 546 546 546 546 546 546 546 546 546 546 546 546 546 546 546 482 536 536 536 536 536 536 536 650 650 650 650 650 650 650 651 658 658 658 658 658 658 661 661
457 457 457 457 457 457 457 457 457 457 577 577 577 1219 1219 1219 1219 1219 1219 1219 1219 1219 1219 1219 1219 482 482 482 482 482 482 482 482 482 482 482 482 482 482 546 546 546 546 546 546 546 546 546 546 546 546 546 546 546 546 546 546 546 546 482 482 482 536 536 536 536 536 650 650 650 650 650 650 650 650 651 658 658 658 658 658 664 661 665
457 457 457 457 457 457 457 457 457 577 616 616 577 1219 1219 1219 1219 1219 1219 1219 1219 1219 482 482 482 482 482 482 482 482 482 482 482 482 482 482 482 482 482 546 546 546 546 546 546 546 546 546 546 546 546 546 546 546 546 546 546 546 546 482 482 482 536 536 536 536 650 650 650 650 650 650 650 650 650 651 658 658 658 658 658 664 666 665
482 457 457 457 457 457 457 457 615 616 616 616 616 1219 1219 1219 1219 1219 1219 1219 482 482 482 482 482 482 482 482 482 482 482 482 482 482 482 482 482 482 546 546 546 546 546 546 546 546 546 546 546 546 546 546 546 546 546 546 546 546 546 482 482 482 536 536 536 536 650 650 650 650 650 650 650 650 668 651 658 658 658 658 658 664 666 666
482 482 482 482 457 457 615 615 615 616 616 616 616 615 1219 1219 1219 1219 482 482 482 482 482 482 482 482 482 482 482 482 482 482 482 482 482 482 482 546 546 546 546 546 546 546 546 546 546 546 546 546 546 546 546 546 546 546 546 546 546 482 482 482 536 536 536 536 650 650 650 650 650 650 650 650 668 651 658 658 658 658 658 664 666 666
482 482 482 482 482 482 615 615 615 616 616 616 616 615 615 1219 1219 482 482 482 482 482 482 482 482 482 482 482 482 482 482 482 482 482 482 482 482 546 546 546 546 546 546 546 546 546 546 546 546 546 546 546 546 546 546 546 546 546 482 482 482 482 482 536 536 536 650 650 650 650 650 650 650 650 668 651 658 658 658 658 658 664 666 666
482 482 482 482 482 482 482 615 615 616 616 616 616 615 615 482 482 482 482 482 482 482 482 482 482 673 673 482 482 482 482 482 482 482 482 482 546 546 546 546 546 546 546 546 546 546 546 546 546 546 546 546 546 546 546 546 546 546 482 482 482 482 536 536 536 536 650 650 650 650 650 650 650 650 668 651 658 658 658 658 664 666 666 666
482 482 482 482 482 482 482 482 457 616 616 616 616 615 482 482 482 482 482 482 482 482 482 482 482 673 546 546 546 482 482 482 482 482 482 546 546 546 546 546 546 546 546 546 546 546 546 546 546 546 546 546 546 546 546 546 546 546 482 482 482 482 536 536 536 650 650 650 650 650 650 650 650 668 651 651 651 658 658 658 664 666 666 672
482 482 482 482 482 482 482 482 482 612 612 612 577 457 482 482 482 482 482 482 482 482 482 482 482 546 546 546 546 482 482 482 482 482 482 546 546 546 546 546 546 546 546 546 546 546 546 546 546 546 546 546 546 546 546 546 546 482 482 482 482 482 536 536 650 650 650 650 650 650 650 650 650 668 651 651 651 658 651 664 666 666 666 672
482 482 546 482 482 482 482 482 482 577 612 612 612 482 482 482 482 482 482 482 482 482 482 482 482 546 546 546 546 546 673 673 673 673 546 546 546 546 546 546 546 546 546 546 546 546 546 546 546 546 546 546 546 546 546 546 546 482 482 482 482 482 536 650 650 650 650 650 650 650 650 650 650 651 651 651 651 651 651 666 666 666 672 672
482 546 546 546 482 482 482 482 482 482 612 612 612 577 482 482 482 482 482 482 482 482 482 482 482 546 546 546 546 546 673 673 546 546 546 546 546 546 546 546 546 546 546 546 546 546 546 546 546 546 546 677 677 677 546 546 482 482 482 431 678 650 650 650 650 650 650 650 650 650 650 650 649 651 651 651 651 651 651 666 666 666 672 672
681 546 546 546 482 482 482 482 482 482 577 612 612 612 482 482 482 482 482 482 482 482 482 482 482 535 546 546 546 546 546 546 546 546 546 546 546 546 546 546 546 546 546 546 546 546 546 546 677 677 677 677 677 677 677 546 482 431 431 682 648 650 650 650 650 650 650 650 650 650 650 649 649 651 651 651 651 651 651 666 666 666 672 672
681 681 546 482 482 482 482 482 482 482 482 612 612 612 482 482 482 482 482 482 482 482 482 535 688 688 677 546 546 546 546 546 546 546 546 546 546 546 546 546 546 546 546 546 546 546 546 546 677 440 440 677 677 677 677 677 431 431 431 682 648 650 650 650 650 650 650 650 650 650 650 650 638 658 658 658 658 658 651 666 666 666 672 672
681 681 482 482 482 482 482 482 482 482 482 577 612 612 577 482 482 482 482 482 482 688 688 688 692 692 677 677 546 546 546 546 546 546 546 546 546 546 546 546 546 546 546 546 546 546 546 546 440 440 440 677 677 677 677 440 440 693 431 648 648 648 650 650 650 650 650 650 650 650 650 650 638 658 658 658 658 658 638 666 666 666 672 672
676 676 676 482 482 482 482 482 482 482 482 482 612 612 612 482 482 482 482 688 688 692 692 677 697 697 697 677 677 546 546 546 546 546 546 546 546 546 546 546 546 546 546 546 546 546 546 677 440 440 440 440 440 440 440 440 440 698 648 648 648 648 650 650 650 650 650 650 650 650 650 650 638 658 658 658 658 658 658 679 666 666 672 672
676 676 676 482 482 482 482 482 482 482 482 482 612 612 612 482 482 535 535 688 677 697 697 697 697 697 406 697 677 677 677 677 546 546 546 546 546 546 546 546 546 546 546 546 546 546 546 677 440 440 440 440 440 440 440 440 645 645 648 648 648 648 648 650 650 650 650 650 650 650 650 650 638 658 658 658 658 658 638 638 666 672 672 672
676 676 676 676 482 482 482 482 482 482 482 535 612 612 612 612 535 482 482 677 697 697 697 697 697 406 406 406 697 697 677 677 677 677 677 677 677 546 546 546 546 546 546 546 546 546 546 677 440 440 440 440 440 440 440 645 645 645 648 648 648 648 648 648 650 650 650 650 650 650 650 650 658 658 658 658 658 658 658 638 672 672 672 672
687 676 676 676 676 482 482 482 482 482 535 535 535 577 577 577 482 482 482 677 697 697 697 406 406 406 406 406 406 406 406 697 697 697 697 697 677 677 677 677 677 546 546 546 546 546 546 677 440 440 440 440 440 440 440 645 645 645 650 650 650 648 648 648 648 650 650 650 650 650 650 643 638 658 658 658 658 658 658 638 672 672 672 672
