BirdHab_model/source/maps_michaS/hru_fullpatchID_map.asc
NCOLS 883
NROWS 545
XLLCORNER 4546337.8727
YLLCORNER 5688153.5654
CELLSIZE 25
NODATA_VALUE  -9999
[rows 333 to 369 of 545, columns 504 to 587 of 883]
572 572 572 599 599 599 599 480 490 490 699 699 699 699 699 699 699 699 699 477 477 1222 1222 1222 1222 1222 1222 1222 1222 1222 1222 599 599 599 599 599 599 599 599 599 599 599 599 480 480 480 480 448 448 448 448 448 451 451 451 451 572 451 451 451 451 451 451 451 451 451 449 702 702 702 702 700 451 440 406 406 406 406 677 677 692 688 701 701
1222 1222 1222 572 572 572 572 448 448 490 699 699 699 699 699 699 699 699 699 699 699 1222 1222 1222 1222 1222 1222 1222 1222 1222 1222 599 599 599 599 599 599 599 599 599 599 599 599 599 448 448 448 448 448 448 448 448 448 451 451 451 451 451 451 451 451 451 451 451 451 451 449 702 702 702 702 700 451 440 406 406 406 406 406 677 692 692 703 703
1222 1222 1222 1222 572 572 572 564 448 490 490 699 699 699 699 699 699 699 699 699 699 699 1222 1222 1222 1222 1222 1222 1222 1222 1222 1222 599 599 599 599 1222 599 599 599 599 599 599 599 599 448 448 448 448 448 448 448 448 448 451 451 451 451 451 451 451 451 451 451 451 451 451 702 702 702 702 702 700 451 677 677 406 406 406 677 688 703 703 703
1222 1222 1222 1222 1222 572 572 471 448 490 490 699 699 699 699 699 699 699 699 699 699 699 699 1222 1222 1222 1222 1222 1222 1222 1222 1222 1222 1222 1222 1222 1222 599 599 599 599 599 599 599 599 599 448 448 448 448 448 448 448 448 448 451 451 451 451 451 451 451 451 451 451 451 451 702 702 702 702 702 451 451 630 630 677 406 677 688 701 703 703 703
1222 1222 1222 1222 1222 1222 1222 471 471 448 490 699 699 699 699 699 699 699 699 699 699 699 699 699 1222 1222 1222 1222 1222 1222 1222 1222 1222 1222 1222 1222 1222 599 599 599 599 599 1222 1222 1222 1222 564 448 448 448 448 448 448 448 452 451 451 451 451 451 451 451 451 451 451 451 451 451 449 449 449 449 449 451 624 624 624 624 624 627 706 707 707 705
1222 1222 1222 1222 1222 1222 1222 454 471 448 490 490 699 699 699 699 699 699 699 699 699 699 699 699 699 1222 1222 1222 1222 1222 1222 1222 1222 1222 1222 1222 1222 1222 1222 1222 1222 1222 1222 1222 1222 1222 695 564 564 449 449 449 449 452 452 452 451 451 451 451 451 451 451 451 451 451 451 451 451 449 449 449 449 702 624 624 624 624 624 624 627 627 627 627
1222 1222 1222 1222 1222 1222 454 454 454 490 490 490 699 699 699 699 699 699 699 699 699 699 699 699 699 1222 1222 1222 1222 1222 1222 1222 1222 1222 1222 1222 1222 1222 1222 1222 1222 1222 1222 1222 1222 1222 1222 564 449 449 449 449 451 449 452 452 452 451 451 451 451 451 451 451 451 451 451 451 451 449 449 449 449 702 691 691 683 683 683 691 624 627 627 627
1222 1222 1222 1222 1222 1222 454 454 454 490 490 490 699 699 699 699 699 699 699 699 699 699 699 699 699 699 1222 1222 1222 1222 1222 1222 1222 1222 1222 1222 1222 1222 1222 1222 1222 1222 1222 1222 1222 609 609 606 657 451 449 451 451 451 452 452 449 451 451 451 451 451 451 451 451 451 451 451 451 451 449 449 449 690 465 690 611 611 683 683 624 627 627 627
1222 1222 1222 1222 1222 454 454 454 454 490 490 490 699 699 699 699 699 699 699 699 699 699 699 699 699 699 1222 1222 1222 1222 1222 1222 1222 1222 1222 1222 1222 1222 1222 1222 1222 1222 609 609 609 609 609 606 451 451 657 451 451 451 449 449 451 451 451 451 451 451 451 451 451 451 451 451 451 449 449 449 449 465 465 454 454 454 683 683 683 624 627 627
1222 1222 1222 1222 1222 454 454 454 454 490 490 490 699 699 699 699 699 699 699 699 699 699 699 699 699 699 1222 1222 1222 1222 1222 1222 1222 1222 1222 1222 1222 1222 1222 609 609 609 609 609 609 609 609 609 451 451 657 451 451 451 451 451 451 451 451 451 451 451 451 451 451 451 451 451 451 451 449 451 451 606 454 454 454 454 683 683 683 683 624 627
1222 1222 1222 1222 1222 454 454 454 454 490 490 699 699 699 699 699 699 699 699 699 699 699 699 699 699 699 454 1222 1222 1222 1222 1222 1222 1222 1222 1222 1222 1222 1222 1222 609 609 609 451 451 451 451 451 451 451 451 451 451 451 451 451 451 451 451 451 451 451 451 451 451 451 451 451 451 451 450 451 451 451 609 454 454 454 454 683 683 683 624 624
1222 1222 1222 1222 454 454 454 454 454 490 490 699 699 699 699 699 699 699 699 699 699 699 699 699 699 699 454 1222 1222 1222 1222 1222 1222 1222 1222 1222 1222 1222 1222 451 451 451 451 451 451 451 451 451 451 451 451 451 451 451 451 451 451 451 451 451 451 451 451 451 451 451 451 451 451 451 581 451 451 451 609 609 454 454 454 454 611 683 683 624
1222 1222 1222 1222 454 454 454 454 454 490 490 699 699 699 699 699 699 699 699 699 699 699 699 699 699 699 454 1222 1222 1222 1222 1222 1222 1222 1222 1222 1222 1222 451 451 451 451 451 451 451 451 451 451 451 451 451 451 451 451 451 451 451 451 451 451 451 451 451 451 451 451 451 451 480 581 503 503 451 451 451 609 454 454 454 454 454 683 683 683
1222 1222 1222 1222 454 454 454 454 454 490 490 699 699 699 699 699 699 699 699 699 699 699 699 699 699 454 454 454 1222 1222 1222 1222 1222 1222 1222 1222 1222 1222 451 451 451 451 451 451 451 451 451 451 451 451 451 451 451 451 451 451 451 451 451 451 451 451 451 451 451 451 480 480 480 480 503 503 449 451 451 451 609 454 454 454 454 454 683 683
1222 1222 1222 454 454 454 454 454 454 490 490 490 699 699 699 699 699 699 699 699 699 699 699 699 454 454 454 454 1222 1222 1222 1222 1222 1222 1222 1222 1222 640 640 451 451 657 657 451 451 451 451 451 451 449 451 451 451 451 451 451 451 451 451 451 451 451 450 451 451 480 480 452 452 480 581 503 503 451 451 451 609 609 454 454 454 454 454 611
1222 1222 1222 454 454 454 454 454 454 490 490 490 699 699 699 699 699 699 699 699 699 699 699 454 454 454 454 454 1222 1222 1222 1222 1222 1222 1222 1222 1222 1222 1222 572 572 572 657 451 451 451 451 451 449 449 449 451 451 451 451 451 451 451 451 451 581 581 581 581 451 480 452 452 452 480 480 581 503 449 451 451 451 609 609 454 454 454 454 454
1222 1222 1222 454 454 454 454 454 454 490 490 490 699 699 699 699 699 699 699 699 699 699 699 454 454 454 454 454 1222 1222 1222 1222 1222 1222 1222 1222 1222 1222 1222 1222 1222 572 657 657 451 451 564 564 564 449 449 451 451 451 451 451 451 451 451 581 503 503 581 581 581 581 452 452 452 452 480 581 503 503 449 451 451 609 454 454 454 454 454 454
1222 1222 1222 454 454 454 454 454 454 490 490 490 490 699 699 699 699 699 699 699 699 699 454 454 454 454 454 454 1222 1222 1222 1222 1222 1222 1222 1222 1222 1222 1222 1222 1222 572 572 572 451 564 564 564 564 564 451 451 451 451 451 451 451 451 450 581 503 503 581 581 581 581 452 452 452 452 480 448 503 503 503 451 451 451 465 454 454 454 454 454
1222 1222 454 454 454 454 454 454 454 454 490 490 490 699 699 699 699 699 699 699 699 454 454 454 454 454 454 454 1222 1222 1222 1222 1222 1222 1222 1222 1222 1222 1222 1222 1222 572 572 572 572 564 564 564 564 564 451 451 451 451 451 451 451 451 450 581 503 503 581 581 581 581 581 581 480 480 480 448 720 721 721 722 451 451 465 454 454 454 454 454
1222 1222 454 454 454 454 454 454 454 454 490 490 490 699 699 699 699 699 699 699 454 454 454 454 454 454 454 1222 1222 1222 1222 1222 1222 1222 1222 1222 1222 1222 1222 1222 1222 1222 572 572 564 572 564 564 564 564 564 451 451 451 451 451 451 450 581 581 503 581 581 581 581 581 581 503 581 480 480 720 720 721 721 721 451 465 465 465 454 454 454 454
1222 1222 454 454 454 454 454 454 454 454 454 490 490 699 699 699 699 699 699 454 454 454 454 454 454 454 454 1222 1222 1222 1222 1222 1222 1222 1222 1222 1222 1222 1222 1222 1222 1222 572 572 572 572 564 564 564 564 564 451 564 451 451 451 451 450 581 581 503 581 581 581 449 503 503 503 503 503 720 720 720 720 721 721 721 465 465 465 454 454 454 454
1222 1222 454 454 454 454 454 454 454 454 454 454 490 699 699 699 454 454 454 454 454 454 454 454 454 454 454 1222 1222 1222 1222 1222 1222 1222 1222 1222 1222 1222 1222 1222 1222 1222 1222 572 572 572 572 564 564 564 564 564 564 451 451 451 451 450 581 581 503 581 450 451 451 503 503 503 503 503 721 720 720 720 720 721 721 725 465 465 454 454 454 454
1222 1222 454 454 454 454 454 454 454 454 454 454 454 454 454 454 454 454 454 454 454 454 454 454 454 454 1222 1222 1222 1222 1222 1222 1222 1222 1222 1222 1222 1222 1222 1222 1222 1222 1222 572 572 572 572 564 564 564 599 599 564 564 451 451 451 450 581 450 449 450 450 451 451 503 503 451 451 503 721 721 452 720 720 721 721 721 465 465 454 454 454 454
1222 1222 454 454 454 454 454 454 454 454 454 454 454 454 454 454 454 454 454 454 454 454 454 454 454 454 1222 1222 1222 1222 1222 1222 1222 1222 1222 1222 1222 1222 1222 1222 1222 1222 1222 1222 572 572 572 572 564 564 564 599 564 449 451 451 451 450 450 450 450 450 450 451 451 503 451 451 451 503 721 721 721 720 720 720 721 721 721 465 465 454 454 454
1222 1222 1222 454 454 454 454 454 454 454 454 454 454 454 454 454 454 454 454 454 454 454 454 454 454 1222 1222 1222 1222 1222 1222 1222 1222 1222 1222 1222 1222 1222 1222 1222 1222 1222 1222 1222 572 572 572 572 564 564 564 449 449 451 451 451 451 450 450 450 450 450 450 451 451 503 451 451 451 451 503 721 721 721 720 720 720 721 721 721 453 454 454 454
1222 1222 1222 454 454 454 454 454 454 454 454 454 454 454 454 454 454 454 454 454 454 454 454 454 454 1222 1222 1222 1222 1222 1222 1222 1222 1222 1222 1222 1222 1222 1222 1222 1222 1222 1222 1222 572 572 572 572 564 449 449 451 451 451 451 451 450 450 450 450 450 450 451 451 451 503 451 451 451 503 503 721 721 721 721 720 720 721 721 721 721 725 725 454
1222 1222 1222 454 454 454 454 454 454 454 454 454 454 454 454 454 454 454 454 454 454 454 454 454 1222 1222 1222 1222 1222 1222 1222 1222 1222 1222 1222 1222 1222 1222 1222 1222 1222 1222 1222 1222 1222 572 572 449 657 451 449 451 451 451 451 450 450 450 450 450 450 451 451 451 451 503 451 451 451 503 503 721 721 721 721 720 720 720 721 721 721 721 725 725
1222 1222 1222 454 454 454 454 454 454 454 454 454 454 454 454 454 454 454 454 454 454 454 454 1222 1222 1222 1222 1222 1222 1222 1222 1222 1222 1222 1222 1222 1222 1222 1222 1222 1222 1222 1222 1222 640 657 657 451 451 451 449 451 451 451 451 450 450 450 450 450 450 450 451 451 503 503 451 451 451 451 503 721 721 721 721 721 720 720 721 721 721 721 721 721
1222 1222 1222 1222 454 454 454 454 454 454 454 454 454 454 454 454 454 454 454 454 454 1222 1222 1222 1222 1222 1222 1222 1222 1222 1222 1222 1222 1222 1222 1222 1222 1222 1222 1222 1222 1222 1222 609 606 451 451 451 451 451 451 451 451 451 451 450 450 451 450 450 450 450 451 451 503 503 503 451 451 503 721 721 721 721 721 721 721 720 721 721 721 721 721 721
1222 1222 1222 1222 1222 454 454 454 454 454 454 454 454 454 454 454 454 454 454 1222 1222 1222 1222 1222 1222 1222 1222 1222 1222 1222 1222 1222 1222 1222 1222 1222 1222 1222 1222 1222 1222 609 609 609 451 451 451 451 451 451 451 451 451 451 451 451 451 451 450 450 451 451 451 451 503 503 503 503 503 721 721 721 721 721 721 721 721 721 721 721 721 721 721 721
1222 1222 1222 1222 1222 1222 454 454 454 454 454 454 454 454 454 454 454 1222 1222 1222 1222 1222 1222 1222 1222 1222 1222 1222 1222 1222 1222 1222 1222 1222 1222 1222 1222 1222 1222 1222 1222 609 606 606 451 451 451 451 451 451 451 451 451 451 451 451 451 451 450 450 450 450 451 451 503 721 721 721 721 721 740 740 740 740 740 740 740 721 721 721 721 721 721 721
1222 1222 1222 1222 1222 1222 1222 454 454 454 454 454 454 454 1222 1222 1222 1222 1222 1222 1222 1222 1222 1222 1222 1222 1222 1222 1222 1222 1222 1222 1222 1222 1222 1222 1222 1222 1222 1222 640 606 606 451 451 451 451 451 451 451 451 451 451 451 451 451 451 451 450 450 450 450 451 450 721 721 721 721 740 740 740 740 740 740 740 740 740 740 740 721 721 721 721 721
1222 1222 1222 1222 1222 1222 1222 1222 1222 1222 1222 1222 1222 1222 1222 1222 1222 1222 1222 1222 1222 1222 1222 1222 1222 1222 1222 1222 1222 1222 1222 1222 1222 1222 1222 1222 1222 1222 640 640 640 451 451 451 451 451 451 451 451 451 451 451 451 451 451 451 451 451 581 581 451 451 451 451 581 721 721 740 740 740 740 740 740 740 740 740 740 740 740 740 740 721 721 721
1222 1222 1222 1222 1222 1222 1222 1222 1222 1222 1222 1222 1222 1222 1222 1222 1222 1222 1222 1222 1222 1222 1222 1222 1222 1222 1222 1222 1222 1222 1222 1222 1222 1222 1222 1222 1222 1222 640 451 451 451 451 451 451 451 451 451 451 451 451 451 451 451 451 451 451 451 451 583 451 451 451 451 451 721 740 740 740 740 740 740 740 740 740 599 599 494 494 494 494 599 721 721
1222 1222 1222 1222 1222 1222 1222 1222 1222 1222 1222 1222 1222 1222 1222 1222 1222 1222 1222 1222 1222 1222 1222 1222 1222 1222 1222 1222 1222 1222 1222 1222 1222 1222 1222 1222 1222 1222 1222 1222 451 451 451 451 451 451 451 494 494 494 494 497 497 600 451 451 451 451 583 583 583 451 451 451 451 721 740 740 740 740 740 740 494 494 494 494 494 494 494 494 494 494 497 721
1222 1222 1222 1222 1222 1222 1222 1222 1222 1222 1222 1222 1222 1222 1222 1222 1222 1222 1222 1222 1222 1222 1222 1222 1222 1222 1222 1222 1222 1222 1222 1222 1222 1222 1222 -9999 -9999 -9999 -9999 -9999 -9999 -9999 -9999 -9999 -9999 -9999 -9999 494 494 494 494 497 497 497 497 600 451 583 583 583 583 583 451 451 451 451 740 494 494 494 494 494 494 494 494 494 494 494 494 494 494 494 494 721
1222 1222 1222 1222 1222 1222 1222 1222 1222 1222 1222 1222 1222 1222 1222 1222 1222 1222 1222 1222 1222 1222 1222 1222 1222 1222 1222 1222 1222 1222 1222 1222 1222 -9999 -9999 -9999 -9999 -9999 -9999 -9999 -9999 -9999 -9999 -9999 -9999 -9999 -9999 -9999 494 494 494 497 497 497 497 497 497 497 497 583 583 583 583 451 451 451 451 494 494 494 494 494 494 494 494 494 494 494 494 494 494 494 494 599
