BirdHab_model/source/maps_michaS/hru_fullpatchID_map.asc
NCOLS 883
NROWS 545
XLLCORNER 4546337.8727
YLLCORNER 5688153.5654
CELLSIZE 25
NODATA_VALUE  -9999
[rows 148 to 184 of 545, columns 252 to 335 of 883]
262 262 262 262 262 262 262 262 262 262 263 263 263 263 264 264 264 165 165 165 165 165 165 165 165 165 165 165 165 165 165 165 165 165 165 165 165 165 165 165 165 165 165 165 165 165 165 165 165 165 165 165 165 165 165 165 165 165 149 149 165 165 165 165 165 165 165 165 28 31 33 33 31 31 31 31 31 31 31 99 165 165 165 165
335 270 262 262 262 262 262 262 262 262 263 263 263 264 263 264 264 165 165 165 165 165 165 165 165 165 165 165 165 165 165 165 165 165 165 165 165 165 165 165 165 165 165 165 165 165 165 165 165 165 165 165 165 165 165 165 165 165 149 149 165 165 165 165 165 165 28 28 31 31 31 33 31 31 31 31 31 31 283 283 99 99 165 165
31 31 30 262 262 262 262 262 262 262 263 264 264 264 263 263 263 165 165 165 165 165 165 165 165 165 165 165 165 165 165 165 165 165 165 165 165 165 165 165 165 165 165 165 165 165 165 165 165 165 165 165 165 165 165 165 165 165 149 149 165 165 165 165 28 28 28 28 31 31 31 31 31 31 31 31 31 31 283 283 283 283 99 99
31 31 30 30 262 165 262 262 262 262 263 263 263 264 264 263 264 165 165 165 165 165 165 165 165 165 165 165 165 165 165 165 165 165 165 165 165 165 165 165 165 165 165 165 165 165 165 165 165 165 165 165 165 165 165 165 165 165 149 165 165 165 28 28 28 28 28 31 31 31 31 31 31 31 31 31 31 31 306 306 306 306 283 283
31 31 335 335 335 28 165 165 262 264 264 264 264 264 264 264 165 165 165 149 165 149 149 149 165 165 165 165 165 165 165 165 165 165 165 165 165 165 165 165 165 165 165 165 149 165 165 165 165 165 165 165 165 165 165 165 165 165 149 149 28 28 28 28 28 28 28 31 31 31 31 31 31 31 31 31 31 31 306 306 306 306 306 306
31 31 335 335 335 28 28 165 31 31 165 264 264 264 264 165 149 165 165 165 165 149 149 149 149 149 165 165 165 165 165 165 165 165 165 165 165 165 165 165 165 165 165 165 165 149 149 149 149 165 165 165 165 165 165 165 165 165 40 40 28 28 28 28 28 31 31 31 31 31 31 31 31 31 31 31 31 31 283 339 340 340 306 306
31 31 31 30 335 28 28 28 31 31 165 165 165 165 165 165 165 165 165 165 165 149 32 32 32 32 149 165 165 165 165 165 165 165 165 165 25 25 25 25 25 25 25 25 99 149 149 149 149 165 165 165 165 165 149 149 40 40 40 40 28 28 28 28 28 31 31 31 31 31 31 31 31 31 31 31 31 283 339 339 339 339 340 340
31 31 31 30 30 31 28 28 31 31 31 31 31 28 28 28 28 28 28 28 28 32 32 32 32 32 32 149 165 165 165 165 165 165 99 25 25 25 25 25 25 25 25 25 99 97 97 97 97 99 99 99 99 97 97 40 40 40 40 40 28 31 31 31 31 31 31 31 31 31 31 31 31 31 31 31 31 283 339 339 339 339 339 339
31 31 31 31 31 31 31 31 31 31 31 31 31 31 31 28 31 31 31 31 31 32 32 31 31 32 32 32 99 99 99 99 99 99 99 25 25 25 25 25 25 25 25 25 25 97 97 97 97 97 99 99 99 97 40 40 40 25 40 40 28 31 31 31 31 31 31 31 31 31 31 31 31 31 31 31 283 283 339 339 339 339 339 339
31 31 31 31 31 31 31 31 31 31 31 31 31 31 31 31 31 31 31 31 31 31 31 31 31 31 32 32 97 99 99 99 99 99 99 25 25 25 25 25 25 25 25 25 25 40 97 97 97 99 99 99 99 99 25 49 31 49 49 40 28 28 31 31 31 31 31 31 41 31 31 31 31 31 31 31 283 283 339 339 339 339 339 339
31 31 31 31 31 31 31 31 31 31 31 31 31 31 31 31 31 31 31 31 31 31 31 31 31 31 31 97 97 97 99 99 99 99 99 25 25 25 25 25 25 25 25 25 25 40 40 97 33 33 99 99 99 345 49 49 31 49 49 40 29 28 31 31 31 31 31 31 41 31 31 31 31 31 31 31 283 283 339 339 339 339 339 339
31 31 31 31 31 31 31 31 31 31 31 31 31 31 31 31 31 31 31 31 31 31 31 31 31 31 28 99 99 99 99 99 99 99 28 28 28 28 28 28 25 25 25 25 25 25 40 97 33 33 345 345 345 345 49 49 31 49 49 100 100 31 31 31 31 31 30 30 41 31 31 31 31 31 31 31 31 31 339 339 339 339 339 339
31 31 31 31 31 31 31 31 31 31 31 31 31 31 31 31 31 31 31 31 31 31 31 31 31 31 28 28 99 99 99 99 99 99 28 28 28 28 28 28 28 28 25 25 25 25 40 97 97 345 345 345 345 345 49 1187 1187 10 100 100 100 31 31 31 30 30 30 30 41 31 31 31 31 31 31 31 31 31 339 339 339 339 339 339
31 31 31 31 31 31 31 31 31 31 31 31 31 31 31 31 31 31 31 31 31 31 31 31 31 31 28 28 28 28 28 28 28 28 28 28 31 28 28 28 28 28 28 49 49 49 49 97 97 345 345 283 283 283 1187 1187 1187 1187 100 100 100 31 31 31 31 30 30 30 41 30 41 41 30 30 41 31 31 31 347 339 339 339 339 339
31 31 31 31 31 31 31 31 31 31 31 31 31 31 31 31 31 31 31 31 31 31 31 31 31 31 31 31 31 31 31 31 28 28 31 31 31 31 28 28 29 29 29 49 49 49 49 97 283 283 283 283 283 283 1187 1187 1187 1187 100 100 100 31 31 31 31 31 31 31 31 30 30 30 30 30 30 30 30 30 347 103 103 339 339 339
31 31 31 31 31 31 31 31 31 31 31 31 31 31 31 31 31 31 31 31 31 31 31 31 31 31 31 31 31 31 31 31 28 28 31 31 31 31 28 29 29 29 49 1187 1187 1187 1187 283 283 283 283 283 283 283 1187 1187 1187 1187 100 100 100 31 31 31 31 31 31 31 31 30 30 30 30 30 30 30 30 339 339 103 103 103 103 103
31 31 31 31 31 31 30 41 31 31 31 31 31 31 31 31 31 31 31 31 31 31 31 31 31 31 31 31 31 31 31 31 99 31 31 31 31 31 29 29 30 1187 1187 1187 1187 1187 1187 283 283 283 283 283 283 283 1187 1187 1187 1187 100 100 100 31 31 31 31 31 31 31 31 30 30 30 30 30 30 30 30 339 339 103 103 103 103 103
31 31 31 31 31 31 41 30 30 31 31 31 31 31 31 31 31 31 31 31 31 31 31 31 31 31 31 31 31 31 31 31 31 31 31 31 41 30 30 30 30 1187 1187 1187 1187 1187 1187 283 283 283 283 283 283 283 1187 1187 1187 1187 100 100 100 31 31 31 31 31 31 31 31 31 30 30 30 30 30 30 30 339 339 103 103 53 53 53
31 31 31 1191 31 31 41 30 30 31 31 31 31 31 31 31 31 31 31 31 31 31 31 31 31 31 31 31 31 31 31 31 282 283 30 30 30 30 30 30 30 1187 1187 1187 1187 1187 1187 283 283 283 283 283 283 283 1187 1187 1187 1187 100 100 100 31 31 31 31 31 31 31 31 31 30 41 30 30 30 30 30 339 339 53 53 53 53 53
31 31 31 1191 31 31 31 30 30 31 31 31 31 31 31 31 31 31 31 31 31 31 31 31 31 31 31 31 282 283 283 283 283 283 1187 1187 1187 1187 1187 1187 1187 1187 1187 1187 1187 1187 1187 1187 283 283 283 283 283 283 1187 1187 1187 1187 1187 100 100 31 31 31 31 31 31 1187 30 30 30 41 31 31 31 31 31 339 347 53 53 53 53 53
31 31 1191 1191 31 31 31 30 30 31 31 31 30 31 31 31 31 31 31 31 31 31 31 31 31 1187 1187 1187 1187 283 283 283 283 283 1187 1187 1187 1187 1187 1187 1187 1187 1187 1187 1187 1187 1187 40 97 97 283 283 283 283 1187 1187 1187 1187 1187 100 100 31 31 31 31 49 49 1187 1187 1187 1187 1187 10 31 31 31 339 339 31 53 53 53 53 53
31 10 1191 1191 31 31 31 1191 1191 31 31 31 30 31 31 1191 31 31 31 31 31 31 31 1187 1187 1187 1187 1187 1187 283 283 283 283 283 283 1187 1187 1187 1187 1187 1187 1187 1187 1187 1187 1187 1187 40 97 97 283 283 283 283 1187 1187 1187 1187 1187 100 100 31 31 31 49 49 1187 1187 1187 1187 1187 1187 10 31 31 31 339 339 75 53 53 53 53 53
31 31 1191 1191 31 31 31 1191 1191 31 31 31 1191 1191 1191 1191 30 30 31 31 31 31 31 1187 1187 1187 1187 1187 1187 1187 283 283 283 283 283 1187 1187 1187 1187 1187 1187 1187 1187 1187 1187 1187 1187 40 97 97 283 283 283 283 1187 1187 1187 1187 1187 100 100 31 31 49 49 49 1187 1187 1187 1187 1187 1187 10 1187 31 31 339 339 339 53 53 53 53 53
31 31 1191 1191 1191 31 31 1191 1191 1191 1191 1191 1191 1191 1191 1191 30 30 31 31 31 31 31 1187 1187 1187 1187 1187 1187 1187 283 283 283 283 283 1187 1187 1187 1187 1187 1187 1187 1187 1187 1187 1187 1187 40 97 97 283 283 283 283 1187 1187 1187 1187 1187 1187 100 31 31 49 49 1187 1187 1187 1187 1187 1187 1187 1187 1187 1187 1187 339 339 339 26 53 53 53 53
31 31 30 30 1191 31 31 1191 1191 1191 1191 1191 1191 1191 1191 1191 30 30 31 31 31 31 31 31 1187 1187 1187 1187 1187 1187 283 283 283 283 283 1187 1187 1187 1187 1187 1187 1187 1187 1187 1187 1187 1187 1187 283 283 283 283 283 283 1187 1187 1187 1187 1187 1187 100 100 49 49 49 1187 1187 1187 1187 1187 1187 1187 1187 1187 1187 1187 339 339 339 339 53 366 158 158
31 31 30 30 1191 1191 1191 1191 1191 1191 1191 1191 1191 1191 1191 1191 1191 30 31 31 31 30 31 31 1187 1187 1187 1187 1187 1187 1187 283 283 283 283 1187 1187 1187 1187 1187 1187 1187 1187 1187 1187 1187 1187 1187 283 283 283 283 283 283 1187 1187 1187 1187 1187 1187 100 100 49 49 49 1187 1187 1187 1187 1187 1187 1187 1187 1187 1187 1187 339 339 339 339 53 366 158 158
31 31 30 30 1191 1191 1191 1191 1191 1191 1191 1191 1191 1191 1191 1191 1191 1191 1191 1191 31 1187 1187 1187 1187 1187 1187 1187 1187 1187 1187 283 283 283 283 283 1187 1187 1187 1187 1187 1187 1187 1187 1187 1187 1187 1187 283 283 283 283 283 283 1187 1187 1187 1187 1187 1187 100 49 49 49 1187 1187 1187 1187 1187 1187 1187 1187 1187 1187 1187 1187 1187 339 339 339 103 158 158 158
31 31 30 30 1191 1191 1191 1191 1191 1191 1191 1191 1191 1191 1191 1191 1191 1191 1191 1191 10 1187 1187 1187 1187 1187 1187 1187 1187 1187 1187 283 283 283 283 283 1187 1187 1187 1187 1187 1187 1187 1187 1187 1187 1187 1187 283 283 283 283 283 283 1187 1187 1187 1187 1187 1187 100 49 49 49 1187 1187 1187 1187 1187 1187 1187 1187 1187 1187 1187 1187 1187 339 339 339 103 103 158 158
31 31 30 30 1191 1191 1191 1191 1191 1191 1191 1191 1191 1191 1191 1191 1191 1191 1191 1191 1191 1187 1187 1187 1187 1187 1187 1187 1187 1187 1187 283 283 283 283 283 1187 1187 1187 1187 1187 1187 1187 1187 1187 1187 1187 1187 283 283 283 283 283 283 1187 1187 1187 1187 1187 1187 100 49 49 49 1187 1187 1187 1187 1187 1187 1187 1187 1187 1187 1187 1187 1187 339 339 339 339 103 53 158
31 31 31 30 1191 1191 1191 1191 1191 1191 1191 1191 1191 1191 1191 1191 1191 1191 1191 1191 1191 1187 1187 1187 1187 1187 1187 1187 1187 1187 1187 1187 283 283 283 283 283 1187 1187 1187 1187 1187 1187 1187 1187 1187 1187 1187 283 283 283 283 283 283 1187 1187 1187 1187 1187 1187 100 49 49 1187 1187 1187 1187 1187 1187 1187 1187 1187 1187 1187 1187 1187 1187 1187 339 339 339 103 103 53
31 31 31 30 1191 1191 1191 1191 1191 1191 1191 1191 1191 1191 1191 1191 1191 1191 1191 1191 1191 1187 1187 1187 1187 1187 1187 1187 1187 1187 1187 1187 283 283 283 283 283 1187 1187 1187 1187 1187 1187 1187 1187 1187 1187 1187 283 283 283 283 283 283 1187 1187 1187 1187 1187 1187 49 49 49 1187 1187 1187 1187 1187 1187 1187 1187 1187 1187 1187 1187 1187 1187 1187 339 339 339 340 103 103
31 31 31 30 1191 1191 1191 1191 1191 1191 1191 1191 1191 1191 1191 1191 1191 1191 1191 1191 1191 1187 1187 1187 1187 1187 1187 1187 1187 1187 1187 1187 283 283 283 283 283 283 1187 1187 1187 1187 1187 1187 1187 1187 1187 1187 283 283 283 283 283 1187 1187 1187 1187 1187 1187 1187 49 49 49 1187 1187 1187 1187 1187 1187 1187 1187 1187 1187 1187 1187 1187 1187 1187 1187 339 339 339 103 103
31 31 31 30 1191 1191 1191 1191 1191 1191 1191 1191 1191 1191 1191 1191 1191 1191 1191 1191 1191 1187 1187 1187 1187 1187 1187 1187 1187 1187 1187 1187 1187 283 283 283 283 283 1187 1187 1187 1187 1187 1187 1187 1187 1187 1187 283 283 283 283 1187 1187 1187 1187 1187 1187 1187 1187 1187 49 1187 1187 1187 1187 1187 1187 1187 1187 1187 1187 1187 1187 1187 1187 1187 1187 1187 339 339 339 339 387
31 31 31 30 1191 1191 1191 1191 1191 1191 1191 1191 1191 1191 1191 1191 1191 1191 1191 1191 1191 1187 1187 1187 1187 1187 1187 1187 1187 1187 1187 1187 1187 283 283 283 283 283 1187 1187 1187 1187 1187 1187 1187 1187 1187 1187 1187 283 283 1187 1187 1187 1187 1187 1187 1187 1187 1187 1187 49 1187 1187 1187 1187 1187 1187 1187 1187 1187 1187 1187 1187 1187 1187 1187 1187 1187 339 339 339 339 339
31 31 31 31 1191 1191 1191 1191 1191 1191 1191 1191 1191 1191 1191 1191 1191 1191 1191 1191 1191 1187 1187 1187 1187 1187 1187 1187 1187 1187 1187 1187 1187 1187 283 283 283 283 1187 1187 1187 1187 1187 1187 1187 1187 1187 1187 1187 1187 1187 1187 1187 1187 1187 1187 1187 1187 1187 1187 1187 49 1187 1187 1187 1187 1187 1187 1187 1187 1187 1187 1187 1187 1187 1187 1187 1187 1187 1187 339 339 339 339
1191 31 31 31 1191 1191 1191 1191 1191 1191 1191 1191 1191 1191 1191 1191 1191 1191 1191 1191 1191 1187 1187 1187 1187 1187 1187 1187 1187 1187 1187 1187 1187 1187 1187 283 283 1187 1187 1187 1187 1187 1187 1187 1187 1187 1187 1187 1187 1187 1187 1187 1187 1187 1187 1187 1187 1187 1187 1187 1187 49 1187 1187 1187 1187 1187 1187 1187 1187 1187 1187 1187 1187 1187 1187 1187 1187 1187 1187 339 339 339 339
1191 1191 1191 31 1191 1191 1191 1191 1191 1191 1191 1191 1191 1191 1191 1191 1191 1191 1191 1191 1191 1187 1187 1187 1187 1187 1187 1187 1187 1187 1187 1187 1187 1187 1187 1187 1187 1187 1187 1187 1187 1187 1187 1187 1187 1187 1187 1187 1187 1187 1187 1187 1187 1187 1187 1187 1187 1187 1187 1187 1187 1187 1187 1187 1187 1187 1187 1187 1187 1187 1187 1187 1187 1187 1187 1187 1187 1187 1187 1187 1187 339 339 339
