BirdHab_model/source/maps_michaS/line_a_mio.asc
ncols         883
nrows         545
xllcorner     4546337.8727
yllcorner     5688153.5654
cellsize      25
NODATA_value  -9999
[rows 165 to 197 of 545, columns 525 to 599 of 883]
1489860 1489860 1489860 1489860 1489860 1489860 1489860 1489860 1489860 0 0 0 0 0 336593 336593 669002 669002 0 0 0 0 0 0 74091 0 0 0 0 0 0 0 0 0 0 0 0 1946422 1141333 1141333 0 1734545 0 0 0 443415 443415 443415 443415 443415 443415 443415 443415 443415 443415 443415 443415 443415 443415 443415 443415 443415 443415 443415 443415 443415 443415 443415 443415 443415 443415 443415 443415 344922 344922
1489860 1489860 1489860 1489860 1489860 1489860 1489860 1489860 1489860 1489860 0 0 0 336593 336593 336593 336593 336593 28235 28235 28235 0 0 0 74091 0 0 0 0 0 0 0 0 0 0 1946422 1141333 1141333 1734545 1734545 1734545 1734545 903325 903325 903325 443415 443415 443415 443415 443415 443415 443415 443415 443415 443415 443415 443415 443415 443415 443415 443415 443415 443415 443415 443415 443415 443415 443415 443415 443415 443415 344922 344922 344922 344922
896566 1489860 1489860 1489860 1489860 1489860 1489860 1489860 1489860 1489860 1489860 1489860 0 336593 336593 336593 336593 336593 336593 336593 2166857 0 0 74091 0 0 0 0 0 0 0 0 0 0 0 0 1141333 1734545 1734545 1734545 903325 903325 903325 903325 903325 903325 443415 443415 443415 443415 443415 443415 443415 443415 443415 443415 443415 443415 443415 443415 443415 443415 443415 443415 443415 443415 443415 443415 443415 443415 344922 344922 344922 344922 344922
1489860 1489860 1489860 1489860 1489860 1489860 1489860 1489860 1489860 1489860 1489860 1489860 669002 669002 336593 336593 336593 336593 336593 336593 336593 0 74091 74091 0 0 0 0 0 0 0 1946422 0 0 0 0 1734545 903325 903325 903325 903325 903325 903325 903325 903325 903325 443415 443415 443415 443415 443415 443415 443415 443415 443415 443415 443415 443415 443415 443415 443415 443415 443415 443415 443415 443415 443415 443415 344922 344922 344922 344922 344922 344922 344922
1489860 1489860 1489860 1489860 1489860 1489860 1489860 1489860 1489860 1489860 1489860 1489860 669002 669002 669002 336593 336593 336593 336593 2166857 28235 161290 74091 74091 0 0 0 0 0 0 74091 1946422 0 0 0 0 903325 903325 903325 903325 903325 903325 903325 903325 903325 903325 903325 443415 443415 443415 443415 443415 443415 443415 443415 443415 443415 443415 443415 443415 443415 443415 443415 443415 443415 0 0 0 0 0 0 265931 265931 86486 86486
896566 1489860 1489860 1489860 1489860 1489860 1489860 1489860 1489860 1489860 1489860 1489860 669002 669002 669002 669002 336593 336593 2166857 2166857 28235 161290 74091 74091 0 0 0 0 0 0 74091 1946422 0 0 0 0 903325 903325 903325 903325 903325 903325 903325 1734545 903325 903325 903325 903325 0 0 0 0 0 0 0 0 0 0 0 0 0 0 0 0 0 0 0 0 0 0 0 86486 86486 86486 86486
896566 1489860 1489860 1489860 1489860 1489860 1489860 1489860 1489860 1489860 1489860 1489860 669002 669002 669002 669002 669002 336593 28235 28235 28235 28235 74091 74091 0 0 0 0 0 0 0 0 1141333 1734545 1734545 903325 903325 903325 903325 903325 903325 903325 903325 1734545 1734545 903325 0 0 0 0 0 0 0 0 0 0 0 0 0 0 0 0 0 0 0 0 0 0 0 820040 820040 86486 86486 86486 86486
896566 1489860 1489860 1489860 1489860 1489860 1489860 1489860 1489860 1489860 1489860 1489860 669002 669002 669002 669002 669002 336593 28235 28235 28235 28235 74091 74091 0 0 0 0 0 0 0 1141333 1734545 1734545 1734545 903325 903325 903325 903325 903325 2170055 903325 903325 1734545 0 0 0 0 0 0 0 0 0 0 0 0 0 0 0 0 0 0 0 0 0 0 820040 820040 820040 820040 820040 86486 86486 86486 86486
896566 896566 1489860 1489860 1489860 1489860 1489860 1489860 1489860 1489860 1489860 1489860 1489860 1489860 1489860 1489860 669002 669002 2166857 2166857 28235 28235 74091 74091 0 0 0 0 0 0 0 1141333 1734545 1734545 1734545 903325 903325 0 903325 0 2170055 1734545 0 0 0 0 0 0 0 0 0 0 820040 820040 820040 820040 820040 820040 820040 820040 820040 820040 820040 820040 820040 820040 820040 0 0 0 403429 403429 403429 403429 0
896566 896566 1489860 1489860 1489860 1489860 1489860 1489860 1489860 1489860 1489860 1489860 1489860 1489860 1489860 1489860 1489860 1489860 2166857 28235 28235 4610909 389565 74091 0 0 0 0 0 0 0 0 1734545 1734545 1734545 903325 903325 0 0 0 0 0 0 820040 820040 820040 820040 0 0 820040 820040 0 0 0 0 0 0 0 0 0 0 0 0 0 0 0 0 0 0 403429 0 403429 0 0 0
896566 896566 1489860 1489860 1489860 1489860 1489860 1489860 1489860 1489860 1489860 1489860 1489860 1489860 1489860 1489860 1489860 1489860 10000000 2166857 4610909 4610909 4610909 4610909 0 74091 0 1946422 1946422 1946422 1946422 1141333 1734545 1734545 1734545 903325 2170055 0 0 0 0 0 820040 820040 820040 820040 820040 820040 0 0 0 0 0 0 0 0 0 0 0 0 0 0 0 0 0 403429 0 0 0 0 0 403429 0 0 136727
896566 896566 1489860 1489860 1489860 1489860 1489860 1489860 1489860 1489860 1489860 1489860 1489860 1489860 1489860 1489860 1489860 1489860 10000000 0 0 4610909 4610909 4610909 389565 389565 0 0 1946422 1946422 1946422 403429 403429 1734545 0 0 0 0 0 0 820040 820040 820040 820040 820040 820040 0 0 0 0 0 0 0 0 0 0 0 0 0 0 0 0 0 403429 403429 0 0 0 0 0 136727 136727 136727 903325 136727
896566 896566 1489860 1489860 1489860 1489860 1489860 1489860 1489860 1489860 1489860 1489860 1489860 1489860 1489860 1489860 1489860 1489860 1092245 0 0 4610909 4610909 4610909 389565 389565 389565 0 0 0 389565 0 0 0 0 820040 820040 820040 820040 820040 820040 820040 820040 820040 820040 820040 0 0 0 0 0 0 0 0 0 0 0 0 0 0 0 820040 820040 403429 403429 136727 136727 136727 136727 136727 136727 136727 903325 903325 903325
666846 666846 1092245 1092245 1092245 1092245 1092245 1489860 1489860 1489860 1489860 1489860 1489860 1489860 1489860 1489860 1489860 1489860 1092245 1092245 1092245 0 0 0 389565 389565 389565 389565 0 0 0 0 0 0 820040 820040 820040 820040 820040 820040 820040 820040 820040 820040 820040 820040 820040 0 0 0 0 0 0 0 0 0 0 0 0 0 820040 820040 903325 903325 903325 903325 903325 903325 903325 903325 903325 903325 903325 903325 903325
666846 666846 666846 1092245 1092245 1092245 1092245 1092245 1092245 1092245 1092245 1092245 1489860 1489860 1489860 1489860 1092245 1092245 1092245 1092245 1092245 1092245 1092245 0 389565 389565 389565 389565 0 0 0 0 0 0 820040 820040 820040 820040 820040 820040 820040 820040 820040 820040 820040 448859 448859 0 0 0 0 0 0 0 0 0 0 0 0 0 0 0 903325 903325 903325 903325 903325 903325 903325 903325 903325 903325 903325 903325 903325
666846 666846 666846 1092245 1092245 1092245 1092245 1092245 1092245 1092245 1092245 1092245 1092245 1092245 1092245 1092245 1092245 1092245 1092245 1092245 1092245 1092245 1092245 0 389565 389565 389565 389565 0 0 0 0 0 0 820040 820040 820040 820040 820040 820040 820040 448859 448859 448859 448859 448859 448859 448859 0 0 0 0 0 0 0 0 0 0 0 0 0 0 136727 136727 903325 903325 903325 903325 903325 903325 903325 903325 903325 903325 903325
666846 666846 666846 1092245 1092245 1092245 1092245 1092245 1092245 1092245 1092245 1092245 1092245 1092245 1092245 1092245 1092245 1092245 1092245 1092245 1092245 1092245 1092245 0 389565 389565 389565 389565 0 0 0 0 0 0 0 820040 820040 820040 820040 448859 448859 448859 448859 448859 567691 567691 567691 448859 0 0 0 0 0 0 0 0 0 0 0 0 0 0 0 136727 136727 903325 903325 903325 903325 903325 903325 903325 903325 903325 903325
666846 666846 666846 1092245 1092245 1092245 1092245 1092245 1092245 1092245 1092245 1092245 1092245 1092245 1092245 1092245 1092245 1092245 1092245 1092245 1092245 0 0 0 820040 820040 820040 820040 0 0 820040 820040 0 820040 820040 820040 448859 448859 448859 567691 567691 567691 640000 640000 567691 567691 567691 567691 567691 567691 567691 0 0 0 0 0 0 0 0 0 0 0 0 0 0 903325 903325 903325 903325 903325 903325 903325 903325 903325 2170055
666846 666846 666846 1092245 1092245 1092245 1092245 1092245 1092245 1092245 1092245 1092245 1092245 1092245 1092245 1092245 1092245 1092245 0 0 0 0 0 0 0 0 0 0 0 0 820040 820040 0 820040 448859 448859 567691 567691 567691 567691 567691 640000 567691 567691 567691 567691 567691 567691 567691 567691 0 0 0 0 0 0 0 0 0 0 0 0 0 0 0 0 0 0 0 903325 903325 903325 2170055 2170055 2170055
0 0 0 0 0 0 0 0 0 0 0 0 0 0 0 0 0 0 0 0 0 0 0 0 0 0 0 0 0 0 820040 448859 448859 0 567691 567691 567691 567691 567691 567691 567691 567691 567691 567691 567691 567691 567691 567691 567691 567691 0 0 0 0 0 0 0 0 0 0 0 0 0 0 0 0 0 0 0 0 0 0 0 2170055 2170055
0 0 0 0 0 0 0 0 0 1168116 1168116 1168116 1168116 1168116 1168116 1168116 1168116 1168116 1168116 1168116 1168116 1168116 1168116 1168116 1168116 0 0 0 0 0 0 0 0 0 567691 567691 567691 567691 567691 567691 567691 567691 567691 567691 567691 567691 567691 567691 567691 567691 567691 0 0 0 0 0 0 0 0 0 0 0 0 0 0 820040 820040 0 0 0 0 0 0 0 0
0 0 0 0 0 0 0 0 0 1168116 1168116 1168116 1168116 1168116 1168116 1168116 1168116 1168116 1168116 1168116 1168116 1168116 1168116 1168116 1168116 0 0 0 0 0 0 0 0 491940 491940 567691 567691 567691 567691 567691 567691 567691 567691 567691 567691 567691 567691 567691 567691 567691 567691 567691 567691 0 0 0 0 0 0 0 0 0 0 0 0 0 820040 820040 820040 820040 3133506 3133506 0 3133506 0
5635122 5635122 5635122 5635122 5635122 5635122 5635122 5635122 5635122 0 1168116 1168116 1168116 1168116 1168116 1168116 1168116 1168116 1168116 1168116 1168116 1168116 1168116 0 0 0 0 0 0 0 0 0 491940 491940 491940 567691 567691 567691 567691 567691 567691 567691 567691 567691 567691 567691 567691 567691 567691 567691 567691 567691 567691 567691 567691 567691 0 0 0 0 0 0 0 0 0 0 0 0 0 0 0 0 0 0 0
530808 530808 530808 530808 530808 530808 530808 530808 530808 530808 1168116 1168116 1168116 1168116 1168116 1168116 1168116 1168116 1168116 1168116 1168116 1168116 0 0 0 0 0 0 0 0 0 491940 491940 491940 491940 567691 567691 567691 567691 567691 567691 567691 567691 567691 567691 567691 567691 567691 567691 567691 567691 567691 567691 567691 567691 567691 567691 443415 0 0 0 0 0 0 0 0 0 0 0 3133506 0 0 0 0 820040
530808 530808 530808 530808 530808 530808 530808 530808 530808 530808 5635122 1168116 1168116 1168116 1168116 1168116 1168116 1168116 1168116 1168116 1168116 0 0 0 0 0 0 0 0 0 0 0 491940 491940 567691 567691 567691 567691 567691 567691 567691 567691 567691 567691 567691 567691 567691 567691 567691 567691 567691 567691 567691 567691 791440 791440 567691 443415 443415 443415 0 0 0 0 0 0 0 3133506 3133506 3133506 0 0 0 0 820040
530808 530808 530808 530808 530808 530808 530808 530808 530808 530808 530808 1168116 1168116 1168116 1168116 1168116 1168116 1168116 1168116 1168116 1168116 0 0 0 0 0 0 0 0 0 0 0 491940 491940 491940 567691 567691 567691 567691 567691 567691 567691 567691 567691 567691 567691 567691 567691 567691 567691 567691 567691 567691 791440 791440 791440 443415 0 0 0 0 0 0 0 0 0 0 3133506 3133506 0 0 0 0 820040 820040
530808 530808 530808 530808 530808 530808 530808 530808 530808 530808 530808 5635122 1168116 1168116 1168116 1168116 1168116 1168116 1168116 1168116 1168116 0 0 0 0 0 0 0 0 0 0 0 491940 491940 491940 567691 567691 567691 567691 567691 791440 791440 791440 791440 791440 791440 791440 791440 791440 791440 791440 791440 791440 791440 791440 248381 1916404 0 0 0 0 0 0 0 0 0 0 3133506 3133506 0 0 0 0 0 0
530808 530808 530808 530808 530808 530808 530808 530808 530808 530808 530808 530808 0 1168116 1168116 1168116 1168116 1168116 1168116 1168116 1168116 0 0 0 0 0 0 0 0 0 0 0 448859 491940 491940 567691 567691 567691 791440 791440 791440 791440 791440 791440 791440 791440 791440 791440 791440 791440 791440 791440 791440 791440 248381 0 0 0 0 0 0 0 0 1916404 1916404 0 3133506 3133506 3133506 0 0 0 0 0 0
530808 530808 530808 530808 530808 530808 530808 530808 530808 530808 530808 530808 0 0 1168116 1168116 1168116 1168116 1168116 1168116 1168116 1168116 0 0 0 0 0 0 0 0 0 0 0 248381 791440 567691 791440 791440 791440 791440 791440 791440 791440 248381 248381 248381 248381 248381 791440 791440 791440 791440 791440 0 0 0 0 0 0 0 0 0 0 0 1916404 1916404 3133506 3133506 3133506 0 0 0 0 0 0
530808 530808 530808 530808 530808 530808 530808 530808 530808 530808 530808 530808 530808 0 1168116 1168116 1168116 1168116 1168116 1168116 1168116 1168116 0 0 0 0 0 0 0 0 0 791440 791440 248381 248381 791440 791440 791440 791440 791440 791440 791440 248381 248381 248381 0 0 0 0 248381 791440 248381 248381 0 0 0 0 0 0 0 0 0 0 1916404 1916404 1916404 0 0 0 0 0 0 0 0 0
530808 530808 530808 530808 530808 530808 530808 530808 530808 530808 530808 530808 530808 530808 1168116 1168116 1168116 1168116 1168116 1168116 1168116 1168116 1168116 0 0 0 0 0 0 0 0 791440 791440 791440 248381 248381 248381 248381 791440 791440 791440 248381 248381 0 0 0 0 0 0 0 248381 0 0 0 0 0 0 0 0 0 0 0 0 1916404 1916404 1916404 0 0 0 0 0 0 0 0 0
530808 530808 530808 530808 530808 530808 530808 530808 530808 530808 530808 530808 530808 530808 5635122 1168116 1168116 1168116 1168116 1168116 1168116 1168116 1168116 1168116 0 0 0 0 0 0 791440 791440 791440 791440 248381 248381 248381 248381 248381 248381 248381 248381 248381 0 0 0 0 0 0 0 0 0 0 0 0 0 0 0 0 0 0 0 0 0 0 0 0 0 0 0 0 0 0 0 0
530808 530808 530808 530808 530808 530808 530808 530808 530808 530808 530808 530808 530808 542300 542300 0 1168116 1168116 1168116 1168116 1168116 1168116 1168116 1168116 1168116 0 0 0 0 791440 791440 791440 791440 791440 248381 248381 248381 248381 248381 248381 248381 248381 0 0 0 0 0 0 0 0 0 0 0 0 0 0 0 0 0 0 0 0 0 0 0 0 0 0 0 0 0 0 0 0 0
